126761407
126761408
126761409
126761410
126761411
126761412
126761413
126761414
126761415
126761416
126761417
126761418
126761419
126761420
126761421
126761422
126761423
126761425
126761426
126761427
126761428
126761431
126761432
126761434
126761435
126761436
126761437
126761438
126761440
126761442
126761443
126761444
126761445
126761446
126761447
126761448
126761449
126761450
126761451
126761452
126761453
126761454
126761456
126761457
126761458
126761459